Name,BPS,PER,PBR,EPS,DIV,DPS
삼성전자,57822.0,8.9,1.24,8057.0,2.01,1444.0
LG에너지솔루션,80052.0,169.39,7.0,3306.0,0.0,0.0
SK하이닉스,92004.0,36.24,1.28,3242.0,1.02,1200.0
삼성바이오로직스,126233.0,64.76,5.87,11442.0,0.0,0.0
삼성전자우,0.0,0.0,0.0,0.0,2.42,1445.0
LG화학,445524.0,29.02,1.54,23670.0,1.46,10000.0
삼성SDI,251948.0,23.81,2.76,29191.0,0.15,1030.0
현대차,407147.0,7.08,0.5,28521.0,3.47,7000.0
POSCO홀딩스,692323.0,12.05,0.72,41456.0,2.4,12000.0
포스코퓨처엠,31922.0,314.34,15.04,1527.0,0.06,300.0
기아,98117.0,6.37,0.88,13495.0,4.07,3500.0
NAVER,151646.0,40.84,1.35,5007.0,0.45,914.0
현대모비스,410816.0,8.98,0.59,27163.0,1.64,4000.0
카카오,22893.0,16.23,2.2,3106.0,0.12,60.0
셀트리온,28937.0,39.96,5.18,3751.0,0.25,375.0
LG전자,116599.0,18.6,1.06,6640.0,0.57,700.0
KB금융,124124.0,4.4,0.39,10955.0,6.13,2950.0
삼성물산,164524.0,8.29,0.63,12460.0,2.23,2300.0
신한지주,95206.0,3.97,0.35,8454.0,6.15,2065.0
SK이노베이션,233338.0,9.16,0.73,18511.0,3.45,5840.0
삼성생명,124081.0,7.84,0.56,8817.0,4.34,3000.0
LG,164082.0,6.96,0.53,12422.0,3.47,3000.0
한국전력,63158.0,0.0,0.32,0.0,0.0,0.0
HD현대중공업,59566.0,0.0,2.43,0.0,0.0,0.0
카카오뱅크,11988.0,46.11,2.13,553.0,0.31,80.0
하나금융지주,124935.0,3.28,0.31,11803.0,8.65,3350.0
삼성전기,103702.0,11.81,1.48,12977.0,1.37,2100.0
두산에너빌리티,11146.0,0.0,1.59,0.0,0.0,0.0
KT&G,80114.0,9.66,1.02,8489.0,6.1,5000.0
삼성화재,276525.0,7.89,0.86,30113.0,5.81,13800.0
하이브,66995.0,208.3,3.93,1265.0,0.0,0.0
SK,391404.0,7.52,0.38,19547.0,3.4,5000.0
한화오션,6945.0,0.0,6.7,0.0,0.0,0.0
삼성에스디에스,106311.0,9.12,1.22,14218.0,2.47,3200.0
SK텔레콤,51911.0,10.93,0.87,4118.0,7.38,3320.0
메리츠금융지주,27050.0,5.38,1.67,8406.0,0.23,105.0
대한항공,24426.0,5.32,1.04,4787.0,2.95,750.0
HMM,42300.0,0.93,0.45,20556.0,6.31,1200.0
고려아연,455251.0,10.76,1.02,42967.0,4.32,20000.0
HD한국조선해양,137382.0,0.0,0.92,0.0,0.0,0.0
크래프톤,108962.0,17.19,1.68,10666.0,0.0,0.0
우리금융지주,39505.0,2.78,0.3,4191.0,9.69,1130.0
포스코인터내셔널,32288.0,9.82,1.45,4780.0,2.13,1000.0
기업은행,36302.0,3.07,0.28,3320.0,9.43,960.0
S-Oil,75353.0,3.86,0.93,18075.0,7.88,5500.0
KT,64880.0,5.64,0.45,5209.0,6.67,1960.0
한화솔루션,47292.0,23.73,0.94,1873.0,0.0,0.0
삼성중공업,4209.0,0.0,2.03,0.0,0.0,0.0
LG생활건강,364213.0,32.17,1.25,14112.0,0.88,4000.0
현대글로비스,183094.0,5.93,1.03,31729.0,3.03,5700.0
LG이노텍,180261.0,6.96,1.6,41406.0,1.44,4150.0
카카오페이,13583.0,122.73,3.68,407.0,0.0,0.0
SK스퀘어,118972.0,25.29,0.39,1837.0,0.0,0.0
SK아이이테크놀로지,30501.0,0.0,2.99,0.0,0.0,0.0
한화에어로스페이스,56612.0,32.27,2.26,3964.0,0.78,1000.0
금양,2188.0,0.0,50.87,0.0,0.0,0.0
SK바이오팜,4042.0,0.0,20.19,0.0,0.0,0.0
삼성엔지니어링,13741.0,9.57,2.36,3392.0,0.0,0.0
엔씨소프트,157391.0,13.4,1.83,21456.0,2.32,6680.0
롯데케미칼,404799.0,85.2,0.36,1716.0,2.39,3500.0
코스모신소재,8199.0,222.04,24.7,912.0,0.0,0.0
아모레퍼시픽,82107.0,54.28,1.29,1949.0,0.64,680.0
두산밥캣,50136.0,9.25,1.18,6421.0,2.27,1350.0
SK바이오사이언스,22683.0,47.62,3.35,1596.0,0.0,0.0
LG디스플레이,27611.0,0.0,0.54,0.0,0.0,0.0
DB손해보험,89508.0,4.4,0.81,16373.0,6.38,4600.0
한국항공우주,14648.0,43.05,3.57,1215.0,0.48,250.0
맥쿼리인프라,,,,,,
한온시스템,4190.0,242.11,2.2,38.0,3.91,360.0
HD현대,105921.0,2.98,0.56,19933.0,7.74,4600.0
오리온,64606.0,11.8,1.81,9926.0,0.81,950.0
유한양행,28354.0,45.15,2.12,1329.0,0.67,400.0
한국타이어앤테크놀로지,72196.0,6.54,0.51,5658.0,2.16,800.0
LG유플러스,18996.0,6.69,0.54,1543.0,6.29,650.0
현대제철,142260.0,4.32,0.24,7736.0,2.99,1000.0
한미반도체,4008.0,46.33,10.85,939.0,0.46,200.0
미래에셋증권,21818.0,6.77,0.32,1033.0,2.86,200.0
넷마블,66649.0,0.0,0.73,0.0,0.0,0.0
CJ제일제당,459670.0,7.48,0.6,37188.0,1.98,5500.0
현대건설,69028.0,10.3,0.54,3637.0,1.6,600.0
현대오토에버,53924.0,35.53,2.74,4154.0,0.77,1140.0
F&F,24159.0,9.1,4.36,11571.0,1.52,1600.0
현대차2우B,0.0,0.0,0.0,0.0,6.65,7100.0
금호석유,234861.0,3.37,0.53,37290.0,4.3,5400.0
현대미포조선,53525.0,0.0,1.71,0.0,0.0,0.0
SKC,50774.0,0.0,1.9,0.0,1.14,1100.0
현대로템,13930.0,17.91,2.33,1812.0,0.0,0.0
GS,133899.0,1.68,0.28,22634.0,6.57,2500.0
강원랜드,16846.0,28.79,0.97,570.0,2.13,350.0
씨에스윈드,21158.0,0.0,3.92,0.0,0.6,500.0
한미약품,70131.0,41.37,3.92,6648.0,0.18,500.0
삼성카드,73934.0,4.97,0.39,5831.0,8.62,2500.0
코웨이,31887.0,6.98,1.38,6314.0,2.95,1300.0
삼성증권,69383.0,7.65,0.52,4730.0,4.7,1700.0
NH투자증권,21824.0,10.99,0.44,881.0,7.23,700.0
한진칼,37047.0,4.41,1.21,10143.0,0.38,170.0
LG화학우,0.0,0.0,0.0,0.0,2.59,10050.0
호텔신라,14543.0,0.0,5.01,0.0,0.27,200.0
BGF리테일,55724.0,14.65,2.94,11203.0,2.5,4100.0
한국금융지주,145614.0,4.64,0.35,10900.0,4.55,2300.0
한화시스템,10697.0,0.0,1.37,0.0,1.7,250.0
한전기술,14284.0,153.81,5.08,472.0,0.39,283.0
LS,144965.0,5.26,0.59,16306.0,1.81,1550.0
DB하이텍,37784.0,4.74,1.61,12858.0,2.13,1300.0
LS ELECTRIC,52919.0,29.02,1.69,3077.0,1.23,1100.0
팬오션,8404.0,3.91,0.59,1267.0,3.02,150.0
롯데지주,100489.0,10.49,0.25,2387.0,5.99,1500.0
영원무역,64162.0,3.8,0.91,15377.0,2.62,1530.0
현대해상,53896.0,4.05,0.53,7099.0,6.83,1965.0
현대차우,0.0,0.0,0.0,0.0,6.63,7050.0
쌍용C&E,3172.0,20.0,1.6,254.0,8.66,440.0
농심,398464.0,20.59,1.04,20081.0,1.21,5000.0
롯데에너지머티리얼즈,31661.0,56.63,1.7,950.0,0.56,300.0
HD현대일렉트릭,22854.0,14.89,2.94,4514.0,0.74,500.0
한솔케미칼,70184.0,15.07,3.03,14099.0,0.99,2100.0
키움증권,183566.0,5.06,0.49,17919.0,3.31,3000.0
HL만도,45998.0,24.05,1.1,2096.0,0.99,500.0
한화,70822.0,2.22,0.44,14169.0,2.39,750.0
휠라홀딩스,31226.0,6.73,1.23,5720.0,4.1,1580.0
한국가스공사,118693.0,1.46,0.21,17317.0,0.0,0.0
HD현대인프라코어,8273.0,9.91,1.39,1163.0,2.08,240.0
아모레G,44015.0,42.24,0.63,657.0,0.74,205.0
한미사이언스,10673.0,32.33,3.06,1010.0,0.61,200.0
GS리테일,39627.0,54.43,0.54,395.0,2.0,430.0
이수페타시스,3515.0,21.45,9.89,1620.0,0.29,100.0
이마트,418373.0,2.09,0.19,37528.0,2.55,2000.0
BNK금융지주,30468.0,2.75,0.22,2404.0,9.44,625.0
제일기획,11967.0,9.58,1.53,1913.0,6.27,1150.0
한화생명,9020.0,2.83,0.27,855.0,0.0,0.0
코스모화학,6118.0,178.74,9.76,334.0,0.0,0.0
에스원,45045.0,11.89,1.18,4467.0,4.71,2500.0
효성첨단소재,158341.0,15.95,2.83,28053.0,3.35,15000.0
이수스페셜티케미컬,0.0,0.0,0.0,0.0,0.0,0.0
롯데쇼핑,338431.0,0.0,0.21,0.0,4.71,3300.0
OCI홀딩스,166136.0,3.23,0.72,36941.0,2.09,2500.0
동원산업,69698.0,6.7,0.55,5748.0,2.86,1100.0
LX세미콘,58432.0,8.16,2.01,14368.0,3.84,4500.0
동서,15510.0,11.06,1.21,1701.0,3.88,730.0
신세계,418209.0,4.6,0.45,41282.0,1.97,3750.0
KCC,695902.0,45.25,0.3,4564.0,3.87,8000.0
두산퓨얼셀,7988.0,591.49,3.48,47.0,0.0,0.0
삼아알미늄,12540.0,78.64,9.81,1564.0,0.2,250.0
CJ,191537.0,10.28,0.32,6023.0,4.04,2500.0
현대위아,124563.0,26.84,0.53,2463.0,1.06,700.0
대덕전자,17302.0,10.18,2.1,3570.0,1.1,400.0
에스엘,35492.0,11.49,1.09,3360.0,1.55,600.0
LIG넥스원,42909.0,14.18,1.86,5641.0,1.88,1500.0
대우건설,9040.0,3.43,0.47,1227.0,0.0,0.0
CJ대한통운,179031.0,9.18,0.42,8190.0,0.66,500.0
롯데정밀화학,90075.0,11.5,0.73,5738.0,5.3,3500.0
JB금융지주,23551.0,2.84,0.36,2996.0,9.81,835.0
대한전선,7000.0,74.11,1.91,180.0,0.0,0.0
현대엘리베이,28992.0,21.88,1.45,1924.0,1.19,500.0
HD현대건설기계,80387.0,13.11,1.0,6112.0,2.18,1750.0
덴티움,43354.0,13.65,3.14,9980.0,0.22,300.0
솔루엠,5958.0,31.5,5.04,954.0,0.0,0.0
오뚜기,528433.0,4.62,0.7,80501.0,2.42,9000.0
KG모빌리티,5846.0,0.0,1.36,0.0,0.0,0.0
효성티앤씨,283313.0,127.51,1.21,2686.0,2.92,10000.0
한전KPS,27016.0,14.65,1.21,2226.0,4.0,1305.0
코오롱인더,94856.0,8.71,0.55,5934.0,2.51,1300.0
두산,132422.0,0.0,0.65,0.0,2.33,2000.0
하이트진로,16906.0,16.16,1.19,1250.0,4.7,950.0
영풍제지,3320.0,156.96,9.17,194.0,2.56,779.0
TCC스틸,8127.0,42.86,6.53,1239.0,0.23,120.0
SK네트웍스,10311.0,14.73,0.56,395.0,2.06,120.0
LX인터내셔널,62867.0,2.42,0.55,14325.0,8.66,3000.0
녹십자,116367.0,19.48,0.96,5735.0,1.57,1750.0
금호타이어,3920.0,0.0,1.15,0.0,0.0,0.0
현대백화점,209760.0,8.19,0.26,6593.0,2.41,1300.0
에스디바이오센서,28794.0,1.33,0.42,8997.0,8.26,990.0
GS건설,56917.0,3.64,0.26,3997.0,8.93,1300.0
후성,3882.0,12.56,3.39,1047.0,0.15,20.0
효성,128334.0,74.55,0.46,786.0,7.68,4500.0
효성중공업,104660.0,119.69,1.25,1097.0,0.0,0.0
애경케미칼,15115.0,20.1,1.66,1249.0,2.19,550.0
DGB금융지주,31812.0,3.17,0.23,2266.0,9.05,650.0
DL이앤씨,114397.0,3.08,0.27,10130.0,3.21,1000.0
솔루스첨단소재,15536.0,0.0,2.18,0.0,0.29,100.0
해성디에스,26311.0,7.39,2.63,9376.0,1.3,900.0
한올바이오파마,3319.0,4420.0,6.66,5.0,0.0,0.0
롯데칠성,150133.0,9.75,0.83,12754.0,2.65,3300.0
대웅제약,54929.0,25.55,1.78,3816.0,0.62,600.0
명신산업,7315.0,13.17,2.94,1633.0,0.0,0.0
SK케미칼,124642.0,6.58,0.52,9910.0,2.3,1500.0
OCI,0.0,0.0,0.0,0.0,0.0,0.0
SK가스,260823.0,4.24,0.47,28644.0,5.35,6500.0
풍산,67365.0,6.24,0.59,6395.0,2.51,1000.0
제주항공,3986.0,0.0,3.64,0.0,0.0,0.0
한국앤컴퍼니,40622.0,6.7,0.29,1749.0,5.55,650.0
SK오션플랜트,9783.0,39.89,2.14,524.0,0.0,0.0
코스맥스,51220.0,51.74,1.86,1838.0,0.0,0.0
동원시스템즈,25113.0,14.89,1.47,2472.0,1.63,600.0
일진하이솔루스,8667.0,149.23,3.34,194.0,0.0,0.0
한국콜마,29024.0,0.0,1.57,0.0,1.1,500.0
영원무역홀딩스,176464.0,2.01,0.43,37988.0,4.0,3050.0
세아베스틸지주,52580.0,11.12,0.54,2572.0,4.2,1200.0
한샘,28093.0,0.0,1.54,0.0,1.85,800.0
아이에스동서,46278.0,5.01,0.7,6426.0,0.0,0.0
영풍,2272640.0,2.53,0.24,213453.0,1.86,10000.0
롯데렌탈,35333.0,10.44,0.76,2577.0,3.35,900.0
DN오토모티브,101507.0,4.69,0.97,20987.0,2.54,2500.0
종근당,51191.0,11.8,1.53,6625.0,1.28,1000.0
PI첨단소재,11627.0,21.45,2.87,1557.0,2.33,779.0
SK리츠,,,,,,
코리안리,22976.0,6.01,0.3,1132.0,6.32,430.0
TKG휴켐스,19290.0,10.81,1.19,2132.0,4.34,1000.0
비에이치,17692.0,5.91,1.52,4551.0,0.93,250.0
삼부토건,975.0,0.0,4.81,0.0,0.0,0.0
롯데웰푸드,228909.0,15.78,0.42,6160.0,2.37,2300.0
LG전자우,0.0,0.0,0.0,0.0,1.41,750.0
율촌화학,13460.0,0.0,2.69,0.0,0.69,250.0
NHN,49179.0,0.0,0.52,0.0,0.0,0.0
삼양식품,60733.0,11.11,1.95,10665.0,1.18,1400.0
롯데리츠,,,,,,
오리온홀딩스,35982.0,8.2,0.39,1712.0,4.99,700.0
GKL,6183.0,0.0,2.28,0.0,0.0,0.0
아시아나항공,9289.0,23.41,1.26,498.0,0.0,0.0
더존비즈온,15301.0,42.16,1.86,676.0,0.43,123.0
대한유화,301477.0,0.0,0.44,0.0,0.75,1000.0
조선내화,21609.0,16.58,0.98,1279.0,2.12,450.0
HSD엔진,3099.0,0.0,3.82,0.0,0.0,0.0
신풍제약,6690.0,0.0,2.39,0.0,0.0,0.0
진에어,2116.0,0.0,7.65,0.0,0.0,0.0
JW중외제약,10660.0,27.8,3.47,1331.0,1.01,375.0
ESR켄달스퀘어리츠,,,,,,
KG스틸,16907.0,1.57,0.5,5357.0,1.79,150.0
넥센타이어,16520.0,0.0,0.51,0.0,1.18,100.0
제이알글로벌리츠,,,,,,
한일시멘트,20910.0,10.37,0.56,1138.0,4.92,580.0
이노션,42482.0,11.47,0.95,3530.0,5.31,2150.0
미원상사,70659.0,11.25,2.35,14752.0,0.9,1500.0
세아제강지주,372105.0,2.82,0.52,68897.0,1.16,2250.0
다우기술,53655.0,2.07,0.33,8634.0,3.36,600.0
하나투어,7960.0,0.0,6.26,0.0,0.0,0.0
DL,194062.0,14.07,0.19,2679.0,2.65,1000.0
롯데관광개발,3223.0,0.0,3.28,0.0,0.0,0.0
SNT모티브,66442.0,8.21,0.8,6470.0,3.01,1600.0
프레스티지바이오파마,,,,,,
더블유게임즈,43874.0,0.0,0.95,0.0,1.45,600.0
경동나비엔,35820.0,13.78,1.43,3707.0,0.98,500.0
미원에스씨,75680.0,11.12,1.9,12932.0,1.6,2300.0
드림텍,6133.0,11.23,1.77,965.0,1.85,200.0
한세실업,13687.0,8.3,1.32,2182.0,2.76,500.0
대웅,19933.0,4.97,0.62,2467.0,0.82,100.0
화신,10839.0,8.98,1.87,2254.0,0.49,100.0
서연이화,26709.0,12.69,0.98,2060.0,0.57,150.0
F&F홀딩스,52493.0,5.33,0.34,3384.0,1.94,350.0
HDC현대산업개발,43919.0,13.97,0.24,764.0,5.62,600.0
KCC글라스,90484.0,7.36,0.48,5894.0,5.53,2400.0
대신증권,74528.0,7.79,0.18,1750.0,8.8,1200.0
세방전지,91306.0,15.22,0.54,3222.0,1.22,600.0
태광산업,4906107.0,1.5,0.12,406090.0,0.29,1750.0
SK디스커버리,153209.0,1.63,0.23,21631.0,4.82,1700.0
애경산업,13672.0,39.95,1.85,632.0,1.23,310.0
KG케미칼,57371.0,2.02,0.82,23384.0,1.06,500.0
DI동일,31182.0,8.87,0.8,2803.0,1.01,250.0
자화전자,17892.0,0.0,1.66,0.0,0.0,0.0
녹십자홀딩스,23095.0,18.69,0.59,727.0,2.21,300.0
우리종금,772.0,6.9,0.94,105.0,3.18,23.0
케이카,5112.0,20.76,2.56,631.0,5.8,760.0
미래에셋생명,10179.0,8.04,0.35,441.0,0.0,0.0
한국카본,9394.0,30.06,1.51,471.0,0.92,130.0
한국단자,84382.0,12.64,0.71,4723.0,1.17,700.0
신세계인터내셔날,23264.0,5.2,0.74,3313.0,2.9,500.0
대한해운,4912.0,3.79,0.39,507.0,0.0,0.0
삼양홀딩스,240995.0,7.77,0.3,9173.0,4.91,3500.0
티웨이항공,371.0,0.0,8.11,0.0,0.0,0.0
LX홀딩스,21133.0,3.61,0.37,2190.0,3.92,310.0
이엔플러스,1107.0,0.0,8.15,0.0,0.0,0.0
이수화학,11236.0,25.76,2.34,1019.0,1.9,500.0
흥아해운,544.0,26.06,4.5,94.0,0.0,0.0
대상,37616.0,7.34,0.45,2306.0,4.73,800.0
SPC삼립,48007.0,10.31,1.41,6568.0,2.51,1700.0
동양생명,12252.0,7.46,0.29,475.0,0.0,0.0
바이오노트,15707.0,1.7,0.35,3277.0,8.8,490.0
한화투자증권,7273.0,0.0,0.36,0.0,0.0,0.0
보령,7833.0,12.81,1.04,636.0,1.23,100.0
쿠쿠홀딩스,31140.0,4.17,0.5,3755.0,5.12,800.0
삼성화재우,0.0,0.0,0.0,0.0,8.01,13805.0
신성이엔지,1036.0,15.65,2.54,168.0,0.0,0.0
엠씨넥스,17477.0,23.2,1.72,1293.0,1.67,500.0
신한알파리츠,,,,,,
유안타증권,8081.0,12.87,0.33,209.0,4.09,110.0
현대홈쇼핑,171103.0,5.81,0.26,7541.0,5.94,2600.0
한섬,60819.0,3.8,0.35,5599.0,3.52,750.0
동원F&B,45847.0,5.76,0.59,4711.0,2.58,701.0
삼성SDI우,0.0,0.0,0.0,0.0,0.33,1080.0
동아쏘시오홀딩스,157100.0,46.13,0.52,1784.0,1.82,1500.0
신영증권,177863.0,5.13,0.31,10783.0,7.23,4000.0
롯데손해보험,1451.0,0.0,1.15,0.0,0.0,0.0
SBS,46405.0,3.24,0.6,8623.0,3.58,1000.0
미래에셋증권2우B,0.0,0.0,0.0,0.0,5.52,200.0
쿠쿠홈시스,31261.0,4.4,0.72,5118.0,3.11,700.0
화승엔터프라이즈,8870.0,0.0,0.94,0.0,0.54,45.0
코람코에너지리츠,,,,,,
부광약품,3845.0,0.0,1.8,0.0,0.0,0.0
SK렌터카,11371.0,22.6,0.91,457.0,1.45,150.0
SK디앤디,31414.0,7.12,0.7,3084.0,3.64,800.0
케이씨텍,20995.0,8.53,1.09,2692.0,1.09,250.0
대원강업,7802.0,25.39,0.99,304.0,1.3,100.0
지누스,34132.0,15.2,0.74,1658.0,2.1,530.0
국도화학,99565.0,6.03,0.52,8626.0,2.69,1400.0
고려제강,64024.0,5.76,0.29,3242.0,1.61,300.0
한화손해보험,1426.0,2.14,2.78,1856.0,0.0,0.0
LX하우시스,87146.0,0.0,0.59,0.0,0.39,200.0
동아에스티,78380.0,34.07,0.69,1576.0,1.3,700.0
삼화콘덴서,21828.0,15.58,2.03,2840.0,1.13,500.0
쏘카,7565.0,0.0,1.85,0.0,0.0,0.0
송원산업,28443.0,3.47,0.67,5497.0,2.62,500.0
CJ CGV,7886.0,0.0,1.21,0.0,0.0,0.0
일동제약,7140.0,0.0,2.37,0.0,0.0,0.0
영진약품,491.0,0.0,5.05,0.0,0.0,0.0
동국제강,0.0,0.0,0.0,0.0,0.0,0.0
코리아써키트,20204.0,7.61,0.94,2507.0,0.0,0.0
세아홀딩스,530930.0,3.55,0.21,31597.0,3.57,4000.0
세아제강,296062.0,2.77,0.53,56889.0,3.81,6000.0
STX,1753.0,0.0,8.24,0.0,0.0,0.0
DB,1492.0,73.0,1.47,30.0,0.0,0.0
엘브이엠씨홀딩스,,,,,,
삼양사,136968.0,6.09,0.31,6872.0,2.99,1250.0
유나이티드제약,22971.0,8.68,1.16,3058.0,1.51,400.0
HD현대에너지솔루션,34065.0,7.08,1.12,5412.0,1.57,600.0
빙그레,65119.0,14.92,0.67,2905.0,3.46,1500.0
KB스타리츠,,,,,,
NICE,21230.0,11.12,0.53,1012.0,3.64,410.0
파미셀,1328.0,38.85,5.32,182.0,0.0,0.0
삼천리,410695.0,7.24,0.25,14387.0,2.88,3000.0
LF,51612.0,2.69,0.28,5351.0,4.87,700.0
유니드,135798.0,4.14,0.45,14826.0,3.26,2000.0
남해화학,10670.0,8.41,0.78,986.0,1.21,100.0
유진투자증권,10623.0,25.21,0.4,168.0,1.42,60.0
유니퀘스트,13196.0,8.33,1.17,1853.0,1.3,200.0
쎌마테라퓨틱스,69.0,0.0,92.9,0.0,0.0,0.0
일진전기,9304.0,16.55,1.16,653.0,1.2,130.0
포스코스틸리온,57026.0,17.31,1.15,3785.0,1.34,875.0
삼성FN리츠,,,,,,
풀무원,11212.0,0.0,0.92,0.0,0.99,102.0
알루코,2639.0,27.52,1.62,155.0,0.0,0.0
LG생활건강우,0.0,0.0,0.0,0.0,2.18,4050.0
신영증권우,0.0,0.0,0.0,0.0,7.36,4050.0
세진중공업,2993.0,32.17,2.28,212.0,2.2,150.0
맵스리얼티1,,,,,,
현대그린푸드,0.0,0.0,0.0,0.0,0.0,0.0
롯데정보통신,28084.0,12.41,0.89,2015.0,2.8,700.0
KEC,1912.0,13.48,0.99,140.0,3.18,60.0
풍산홀딩스,99583.0,4.88,0.37,7614.0,3.5,1300.0
한화리츠,,,,,,
한국자산신탁,7620.0,3.38,0.39,885.0,7.35,220.0
SGC에너지,48174.0,3.1,0.52,8093.0,6.77,1700.0
HJ중공업,4624.0,0.0,0.95,0.0,0.0,0.0
조일알미늄,1476.0,20.39,1.96,142.0,0.0,0.0
아세아시멘트,24770.0,5.73,0.38,1631.0,2.41,225.0
티와이홀딩스,42418.0,2.79,0.17,2579.0,2.08,150.0
에어부산,1086.0,0.0,2.85,0.0,0.0,0.0
HL홀딩스,102608.0,111.94,0.34,314.0,5.69,2000.0
HDC,44094.0,0.0,0.13,0.0,4.22,250.0
한일홀딩스,46069.0,3.95,0.25,2904.0,6.98,800.0
아세아제지,89799.0,3.74,0.44,10540.0,2.54,1000.0
BGF,16528.0,14.92,0.22,247.0,2.99,110.0
E1,249560.0,2.09,0.21,24536.0,7.0,3600.0
제주은행,16243.0,17.15,0.67,636.0,0.92,100.0
백광산업,4741.0,15.87,1.64,491.0,0.77,60.0
STX엔진,11315.0,0.0,1.34,0.0,0.0,0.0
아모레퍼시픽우,0.0,0.0,0.0,0.0,2.08,685.0
퍼시스,52783.0,46.67,0.57,646.0,3.65,1100.0
휴스틸,16181.0,1.09,0.38,5675.0,5.67,350.0
YG PLUS,2248.0,29.84,2.43,183.0,0.0,0.0
코오롱플라스틱,6728.0,9.55,1.33,939.0,2.01,180.0
이아이디,1584.0,0.0,0.88,0.0,0.0,0.0
한화3우B,0.0,0.0,0.0,0.0,5.31,800.0
대신증권우,0.0,0.0,0.0,0.0,9.61,1250.0
광동제약,12593.0,10.9,0.51,588.0,1.56,100.0
서울가스,270188.0,14.73,0.25,4554.0,2.61,1750.0
LG헬로비전,8077.0,0.0,0.54,0.0,2.77,120.0
일성신약,60174.0,1.78,0.42,14122.0,15.89,4005.0
신도리코,109950.0,6.62,0.3,5007.0,4.52,1500.0
SNT다이내믹스,29430.0,9.69,0.34,1027.0,5.03,500.0
한일현대시멘트,18827.0,8.63,0.9,1971.0,3.53,600.0
교보증권,24572.0,7.46,0.21,681.0,3.94,200.0
한국토지신탁,4503.0,12.25,0.29,106.0,6.93,90.0
이리츠코크렙,,,,,,
일양약품,12974.0,16.44,1.31,1036.0,0.88,150.0
대한제강,38135.0,2.0,0.35,6605.0,5.92,780.0
조광피혁,106403.0,28.52,0.46,1706.0,0.0,0.0
아세아,548397.0,3.23,0.27,46012.0,2.53,3750.0
한미글로벌,17414.0,11.92,1.68,2449.0,1.88,550.0
SIMPAC,11050.0,3.54,0.44,1381.0,4.09,200.0
서흥,37893.0,9.03,0.73,3056.0,1.45,400.0
한농화성,9977.0,36.36,2.04,561.0,0.59,120.0
아이마켓코리아,11376.0,13.48,0.84,706.0,6.3,600.0
농심홀딩스,231914.0,9.25,0.29,7353.0,3.68,2500.0
TYM,7778.0,3.09,0.9,2262.0,4.29,300.0
SK증권,1525.0,28.74,0.43,23.0,0.76,5.0
현대퓨처넷,6836.0,0.0,0.41,0.0,3.18,90.0
콘텐트리중앙,9617.0,0.0,1.67,0.0,0.0,0.0
지역난방공사,143557.0,0.0,0.19,0.0,0.0,0.0
대원제약,11967.0,9.32,1.18,1510.0,2.49,350.0
남선알미늄,2376.0,10.04,1.01,238.0,0.0,0.0
수산인더스트리,32090.0,6.08,0.67,3544.0,2.78,600.0
스카이라이프,17321.0,13.57,0.37,470.0,5.49,350.0
락앤락,11990.0,0.0,0.51,0.0,32.23,1953.0
남양유업,1079345.0,0.0,0.39,0.0,0.24,1000.0
현대코퍼레이션,36053.0,3.46,0.63,6554.0,2.64,600.0
삼진제약,20811.0,12.47,1.04,1728.0,3.71,800.0
모토닉,19912.0,9.13,0.45,988.0,4.43,400.0
잇츠한불,20944.0,0.0,0.64,0.0,1.11,150.0
도화엔지니어링,7986.0,184.26,1.08,47.0,3.23,280.0
스틱인베스트먼트,6347.0,16.26,1.1,428.0,2.87,200.0
한진,96471.0,5.89,0.2,3290.0,3.1,600.0
한국쉘석유,86889.0,10.75,2.54,20555.0,8.14,18000.0
DL건설,45294.0,5.32,0.29,2445.0,1.92,250.0
신성통상,2389.0,3.74,0.84,533.0,0.0,0.0
동화약품,13165.0,13.9,0.78,736.0,1.76,180.0
웅진씽크빅,3142.0,91.48,0.79,27.0,4.45,110.0
에스엠벡셀,603.0,27.83,4.25,92.0,0.0,0.0
대한제당,5992.0,11.5,0.53,276.0,3.78,120.0
진원생명과학,2340.0,0.0,1.56,0.0,0.0,0.0
에이프로젠,923.0,0.0,1.21,0.0,0.0,0.0
효성화학,36068.0,0.0,2.44,0.0,0.0,0.0
KISCO홀딩스,75645.0,3.02,0.23,5760.0,3.45,600.0
이연제약,13956.0,37.61,1.12,415.0,0.96,150.0
JW홀딩스,1513.0,12.19,2.52,313.0,2.62,100.0
AK홀딩스,41948.0,0.0,0.49,0.0,0.96,200.0
동국씨엠,0.0,0.0,0.0,0.0,0.0,0.0
현대차증권,38617.0,3.2,0.22,2654.0,6.47,550.0
덕양산업,2608.0,16.96,3.17,487.0,0.0,0.0
한화갤러리아,0.0,0.0,0.0,0.0,0.0,0.0
대동,15973.0,6.1,0.69,1812.0,0.9,100.0
경방,30304.0,54.69,0.32,177.0,1.29,125.0
광주신세계,99270.0,4.66,0.34,7157.0,6.6,2200.0
제일약품,10837.0,0.0,1.66,0.0,0.28,50.0
BYC,825735.0,10.02,0.51,42272.0,0.71,3000.0
웰바이오텍,561.0,0.0,6.04,0.0,0.0,0.0
일진다이아,28217.0,0.0,0.66,0.0,1.61,300.0
삼익THK,10179.0,15.61,1.23,804.0,2.39,300.0
삼양패키징,22869.0,21.4,0.73,777.0,4.51,750.0
케이씨,58058.0,2.37,0.33,8092.0,1.82,350.0
한국철강,20372.0,2.97,0.3,2055.0,4.91,300.0
테이팩스,31365.0,13.56,1.73,4013.0,1.65,900.0
한전산업,2947.0,15.81,2.68,499.0,2.89,228.0
대상홀딩스,20315.0,8.18,0.35,868.0,3.8,270.0
키다리스튜디오,7338.0,0.0,0.94,0.0,0.72,50.0
SNT홀딩스,68239.0,4.4,0.23,3556.0,4.48,700.0
동국홀딩스,34362.0,3.57,0.47,4474.0,3.13,500.0
환인제약,21845.0,8.67,0.62,1567.0,2.21,300.0
코오롱글로벌,22544.0,2.33,0.59,5710.0,3.01,400.0
디아이씨,2625.0,81.9,2.46,79.0,0.0,0.0
STX중공업,6770.0,17.61,1.3,498.0,0.0,0.0
한솔제지,31224.0,3.39,0.34,3104.0,6.65,700.0
하나제약,15515.0,9.98,0.9,1405.0,3.64,510.0
현대차3우B,0.0,0.0,0.0,0.0,6.81,7050.0
코오롱모빌리티그룹,0.0,0.0,0.0,0.0,0.0,0.0
한국콜마홀딩스,33447.0,0.0,0.39,0.0,2.29,300.0
세종공업,14878.0,135.63,0.58,64.0,1.15,100.0
아주스틸,9135.0,178.24,1.0,51.0,0.0,0.0
한솔테크닉스,9749.0,15.98,0.77,468.0,1.34,100.0
자이에스앤디,12735.0,2.53,0.49,2447.0,4.85,300.0
동양,4062.0,0.0,0.25,0.0,4.01,40.0
삼영무역,26238.0,4.2,0.49,3054.0,4.67,600.0
대덕,17890.0,12.68,0.39,549.0,5.75,400.0
롯데하이마트,55987.0,0.0,0.18,0.0,3.01,300.0
사조대림,67677.0,2.64,0.38,9689.0,1.37,350.0
일신방직,39009.0,2.0,0.26,5047.0,4.97,500.0
NPC,9416.0,9.41,0.68,678.0,1.57,100.0
코오롱,76319.0,1.85,0.24,10012.0,2.98,550.0
한국금융지주우,0.0,0.0,0.0,0.0,5.95,2362.0
종근당홀딩스,108745.0,211.42,0.43,219.0,3.02,1400.0
신세계 I&C,27495.0,2.11,0.49,6381.0,3.71,500.0
신대양제지,15417.0,4.32,0.37,1319.0,2.19,125.0
미원홀딩스,95466.0,11.32,1.03,8717.0,0.71,700.0
에이프로젠바이오로직스,720.0,18.05,0.48,19.0,0.0,0.0
CJ4우(전환),0.0,0.0,0.0,0.0,4.72,2550.0
디아이,5841.0,14.29,1.38,564.0,1.24,100.0
넥센,22295.0,13.44,0.19,317.0,2.58,110.0
동성케미컬,7735.0,6.41,0.59,714.0,4.37,200.0
태경비케이,6444.0,9.64,1.27,850.0,1.59,130.0
대창단조,9161.0,5.55,0.86,1417.0,2.54,200.0
대성홀딩스,29781.0,62.04,0.47,225.0,1.79,250.0
무림P&P,10484.0,4.95,0.34,721.0,4.2,150.0
세방,54430.0,2.39,0.21,4819.0,2.6,300.0
LS네트웍스,7510.0,0.0,0.37,0.0,0.0,0.0
KPX케미칼,122776.0,7.59,0.37,6015.0,6.02,2750.0
현대지에프홀딩스,20860.0,5.41,0.17,640.0,6.07,210.0
성신양회,16402.0,0.0,0.55,0.0,2.22,200.0
큐로,475.0,18.94,1.95,49.0,0.0,0.0
JW생명과학,9063.0,14.36,1.53,966.0,3.6,500.0
대한제분,558185.0,5.26,0.23,24697.0,1.93,2500.0
일진홀딩스,9402.0,11.11,0.47,400.0,3.37,150.0
부국증권,116987.0,4.46,0.18,4736.0,7.11,1500.0
GS글로벌,4813.0,3.08,0.55,851.0,0.0,0.0
서연,24599.0,3.01,0.37,3034.0,1.1,100.0
삼성제약,1528.0,0.0,2.08,0.0,0.0,0.0
대교,5825.0,0.0,0.43,0.0,1.19,30.0
KPX홀딩스,210854.0,22.19,0.24,2267.0,5.96,3000.0
태경산업,10077.0,6.3,0.72,1154.0,4.13,300.0
하이트진로홀딩스,26118.0,6.41,0.35,1427.0,5.46,500.0
대성에너지,11539.0,0.0,0.67,0.0,3.25,250.0
현대비앤지스틸,34806.0,8.18,0.4,1715.0,0.71,100.0
금호건설,15149.0,9.73,0.38,587.0,8.76,500.0
경농,12997.0,7.17,0.83,1503.0,3.71,400.0
경동인베스트,205405.0,13.64,0.43,6519.0,0.84,750.0
LS전선아시아,4898.0,0.0,1.39,0.0,3.68,250.0
다올투자증권,11357.0,3.35,0.3,1019.0,4.39,150.0
NI스틸,6580.0,4.23,1.1,1706.0,1.39,100.0
삼성전기우,0.0,0.0,0.0,0.0,3.04,2150.0
KSS해운,17995.0,4.41,0.49,2016.0,3.94,350.0
우진,7877.0,21.09,1.28,478.0,1.49,150.0
디앤디플랫폼리츠,,,,,,
그린케미칼,5251.0,69.19,1.62,123.0,2.7,230.0
교촌에프앤비,7157.0,38.08,1.14,214.0,2.45,200.0
화승인더,6884.0,215.88,0.53,17.0,5.12,188.0
HDC랩스,11339.0,14.42,0.68,538.0,5.8,450.0
두산우,0.0,0.0,0.0,0.0,4.08,2050.0
이월드,1742.0,35.4,0.81,40.0,0.0,0.0
선진,17831.0,8.66,0.47,975.0,1.18,100.0
AJ네트웍스,8076.0,21.17,0.53,201.0,6.35,270.0
사조산업,102866.0,2.83,0.39,13998.0,0.88,350.0
S-Oil우,0.0,0.0,0.0,0.0,11.26,5525.0
삼성출판사,17559.0,16.73,1.12,1179.0,1.01,200.0
LG우,0.0,0.0,0.0,0.0,4.73,3050.0
퍼스텍,1183.0,107.84,3.37,37.0,0.0,0.0
금호석유우,0.0,0.0,0.0,0.0,8.49,5450.0
코람코더원리츠,,,,,,
제일파마홀딩스,22003.0,0.0,0.55,0.0,0.42,50.0
경인양행,5831.0,13.26,0.78,345.0,1.09,50.0
진양홀딩스,6258.0,7.52,0.54,452.0,5.88,200.0
예스코홀딩스,112673.0,0.0,0.28,0.0,7.9,2500.0
HLB글로벌,1507.0,0.0,2.97,0.0,0.0,0.0
흥국화재,11208.0,1.37,0.26,2142.0,0.0,0.0
백산,7626.0,4.31,1.06,1882.0,1.85,150.0
금강공업,13661.0,3.3,0.47,1933.0,1.88,120.0
한독,27596.0,17.31,0.49,776.0,2.98,400.0
대성산업,16329.0,0.0,0.25,0.0,0.0,0.0
한세예스24홀딩스,10535.0,8.45,0.44,543.0,5.45,250.0
삼영전자,26088.0,10.1,0.35,909.0,3.27,300.0
이구산업,3804.0,31.81,1.43,171.0,0.92,50.0
제이에스코퍼레이션,20205.0,2.67,0.68,5118.0,6.23,850.0
신한서부티엔디리츠,,,,,,
진흥기업,1545.0,3.63,0.8,341.0,0.0,0.0
디와이파워,21781.0,10.01,0.74,1618.0,1.54,250.0
태림포장,4948.0,9.9,0.51,253.0,2.0,50.0
와이투솔루션,518.0,0.0,1.87,0.0,0.0,0.0
삼화페인트,12654.0,27.22,0.51,237.0,3.88,250.0
해태제과식품,9537.0,0.0,0.63,0.0,3.35,200.0
한국패러랠,,,,,,
NH투자증권우,0.0,0.0,0.0,0.0,8.15,750.0
DB금융투자,22203.0,0.0,0.18,0.0,4.19,170.0
CJ제일제당 우,0.0,0.0,0.0,0.0,4.29,5550.0
동아지질,15999.0,0.0,0.76,0.0,4.12,500.0
한신기계,2861.0,0.0,1.83,0.0,0.19,10.0
성안,458.0,0.0,5.49,0.0,0.0,0.0
에이블씨엔씨,4422.0,180.56,1.47,36.0,0.0,0.0
유니온머티리얼,1996.0,0.0,2.01,0.0,0.87,35.0
경보제약,6011.0,269.62,1.17,26.0,0.71,50.0
금호에이치티,1749.0,0.0,0.48,0.0,0.0,0.0
아남전자,1270.0,11.82,1.69,181.0,0.0,0.0
이지스밸류리츠,,,,,,
SNT에너지,38778.0,9.49,0.56,2292.0,3.68,800.0
디와이,13814.0,0.0,0.45,0.0,1.94,120.0
무학,18143.0,0.0,0.32,0.0,4.02,230.0
노루페인트,17634.0,14.41,0.46,564.0,3.38,275.0
현대리바트,21802.0,0.0,0.36,0.0,0.0,0.0
신세계푸드,75425.0,0.0,0.55,0.0,1.81,750.0
한국주철관,15912.0,12.54,0.44,559.0,5.71,400.0
사조동아원,1639.0,141.0,0.69,8.0,0.0,0.0
태경케미컬,12992.0,17.48,1.05,782.0,1.46,200.0
동아타이어,27514.0,6.58,0.42,1747.0,8.7,1000.0
노루홀딩스,38479.0,4.91,0.31,2391.0,4.26,500.0
광전자,4514.0,9.78,0.6,275.0,1.86,50.0
인스코비,567.0,0.0,2.37,0.0,0.0,0.0
동성제약,1872.0,0.0,3.14,0.0,0.0,0.0
유수홀딩스,13726.0,4.84,0.43,1218.0,6.79,400.0
샘표,92028.0,10.99,0.58,4831.0,0.38,200.0
삼영,1525.0,55.88,2.93,80.0,0.0,0.0
동원금속,1314.0,6.69,2.47,485.0,0.0,0.0
컨버즈,402.0,0.0,10.2,0.0,0.0,0.0
한컴라이프케어,4596.0,16.37,1.19,333.0,0.0,0.0
신라교역,35416.0,10.47,0.27,899.0,5.31,500.0
만호제강,79971.0,16.7,0.45,2168.0,0.69,250.0
삼양통상,147462.0,9.36,0.34,5339.0,3.0,1500.0
벽산,4254.0,12.49,0.51,175.0,1.14,25.0
동부건설,25542.0,3.7,0.25,1737.0,7.79,500.0
강남제비스코,92542.0,23.63,0.24,952.0,2.22,500.0
휴비스,11585.0,0.0,0.36,0.0,0.0,0.0
태영건설,19502.0,2.33,0.19,1607.0,6.02,225.0
팜스코,7532.0,0.0,0.53,0.0,1.26,50.0
수산중공업,2566.0,9.21,1.05,292.0,0.37,10.0
삼성물산우B,0.0,0.0,0.0,0.0,2.65,2350.0
효성ITX,5956.0,9.94,2.09,1254.0,6.01,750.0
용평리조트,7847.0,0.0,0.38,0.0,0.0,0.0
조선선재,134669.0,10.85,0.84,10425.0,1.33,1500.0
아모레G3우(전환),0.0,0.0,0.0,0.0,3.33,667.0
계룡건설,84371.0,2.33,0.19,6828.0,3.14,500.0
NH올원리츠,,,,,,
디씨엠,28881.0,3.01,0.43,4097.0,7.29,900.0
SK이노베이션우,0.0,0.0,0.0,0.0,5.24,5890.0
미원화학,64815.0,8.02,0.98,7959.0,3.92,2500.0
KTcs,4834.0,7.52,0.68,436.0,3.66,120.0
인지컨트롤스,13364.0,9.26,0.66,947.0,2.28,200.0
대구백화점,27810.0,0.0,0.46,0.0,0.39,50.0
황금에스티,19636.0,3.42,0.42,2380.0,2.45,200.0
성창기업지주,9349.0,0.0,0.21,0.0,0.0,0.0
동일산업,192642.0,5.61,0.29,10085.0,5.3,3000.0
대영포장,1753.0,9.45,0.72,134.0,0.0,0.0
대양금속,3353.0,14.58,1.1,252.0,0.0,0.0
삼화전기,10248.0,12.85,2.02,1611.0,1.45,300.0
아시아나IDT,14410.0,15.9,0.85,774.0,4.06,500.0
한국내화,6218.0,144.13,0.53,23.0,1.36,45.0
극동유화,5808.0,6.54,0.67,593.0,5.15,200.0
신흥,11398.0,15.77,1.25,901.0,1.76,250.0
대한화섬,635611.0,3.41,0.16,29768.0,0.74,750.0
HDC현대EP,10618.0,10.6,0.4,398.0,2.84,120.0
세아특수강,40593.0,7.19,0.39,2185.0,6.37,1000.0
씨티알모빌리티,12061.0,118.7,1.29,131.0,0.0,0.0
유화증권,10892.0,35.22,0.22,67.0,4.66,110.0
씨아이테크,1240.0,0.0,2.18,0.0,0.0,0.0
신원,2866.0,5.81,0.45,224.0,7.69,100.0
삼원강재,5807.0,10.14,0.57,327.0,3.17,105.0
일동홀딩스,1046.0,0.0,10.98,0.0,0.87,100.0
미래산업,21072.0,15.85,1.36,1811.0,0.0,0.0
인팩,11399.0,9.93,1.15,1320.0,1.37,180.0
샘표식품,49786.0,9.95,0.57,2869.0,0.7,200.0
대창,3225.0,29.48,0.44,48.0,0.0,0.0
가온전선,49444.0,8.24,0.41,2458.0,0.25,50.0
두올,5889.0,17.34,0.66,224.0,2.06,80.0
현대약품,3144.0,0.0,1.27,0.0,0.75,30.0
한국석유,13490.0,11.11,0.75,906.0,1.09,110.0
동남합성,14281.0,12.24,2.56,2983.0,2.4,875.0
신일전자,1165.0,119.87,1.54,15.0,0.56,10.0
종근당바이오,26941.0,0.0,0.86,0.0,0.0,0.0
한솔홀딩스,13522.0,2.62,0.22,1144.0,4.01,120.0
토니모리,3871.0,0.0,1.34,0.0,0.0,0.0
대유플러스,503.0,0.0,1.97,0.0,0.0,0.0
KCTC,8350.0,4.72,0.5,879.0,1.45,60.0
대신증권2우B,0.0,0.0,0.0,0.0,9.72,1200.0
한국무브넥스,9592.0,3.7,0.42,1095.0,1.73,70.0
한국공항,110940.0,20.42,0.35,1888.0,0.0,0.0
광명전기,2621.0,22.42,1.06,124.0,0.36,10.0
한국수출포장,7340.0,5.64,0.41,531.0,2.67,80.0
동양철관,740.0,30.12,1.34,33.0,0.0,0.0
경동도시가스,67007.0,4.84,0.3,4105.0,4.41,875.0
조흥,256975.0,10.46,0.75,18552.0,3.35,6500.0
CJ씨푸드,2107.0,15.71,1.53,205.0,0.0,0.0
미창석유,212260.0,4.28,0.31,15455.0,3.78,2500.0
한국특강,3322.0,2.75,0.57,687.0,0.0,0.0
한양증권,36091.0,4.76,0.24,1858.0,9.05,800.0
한국화장품제조,13033.0,22.06,1.88,1113.0,0.41,100.0
인천도시가스,48520.0,8.59,0.52,2956.0,4.92,1250.0
신송홀딩스,8832.0,67.41,1.06,139.0,1.28,120.0
일성건설,2224.0,17.74,0.92,115.0,0.25,5.0
세이브존I&C,12290.0,11.05,0.22,243.0,1.12,30.0
DRB동일,18971.0,68.88,0.29,80.0,0.73,40.0
삼일제약,8884.0,0.0,0.82,0.0,0.0,0.0
유니켐,1678.0,38.55,0.76,33.0,1.57,20.0
크라운제과,16001.0,4.09,0.54,2116.0,2.89,250.0
이지스레지던스리츠,,,,,,
삼화전자,1085.0,0.0,8.2,0.0,0.0,0.0
한진중공업홀딩스,13021.0,6.47,0.28,563.0,2.75,100.0
두산퓨얼셀1우,0.0,0.0,0.0,0.0,0.0,0.0
대원화성,1532.0,0.0,1.68,0.0,0.0,0.0
KTis,6434.0,6.09,0.47,501.0,3.93,120.0
삼익악기,3225.0,6.3,0.36,186.0,4.27,50.0
현대코퍼레이션홀딩스,25341.0,3.04,0.46,3810.0,4.31,500.0
웅진,978.0,12.79,1.35,103.0,0.0,0.0
고려산업,4286.0,146.96,0.96,28.0,0.61,25.0
엔에이치스팩19호,0.0,0.0,0.0,0.0,0.0,0.0
SG세계물산,1234.0,56.11,0.41,9.0,0.0,0.0
방림,5532.0,15.89,0.44,152.0,1.86,45.0
동방,2685.0,124.71,0.79,17.0,0.0,0.0
우신시스템,5701.0,32.46,0.97,171.0,0.54,30.0
화성산업,39046.0,4.49,0.26,2229.0,5.0,500.0
모나리자,2123.0,43.05,1.3,64.0,1.81,50.0
HS애드,10892.0,5.59,0.55,1077.0,6.64,400.0
화승코퍼레이션,3752.0,31.62,0.53,63.0,2.51,50.0
콤텍시스템,1259.0,4.08,0.65,201.0,0.0,0.0
무림페이퍼,10014.0,6.53,0.24,365.0,2.1,50.0
일신석재,713.0,42.6,1.79,30.0,0.0,0.0
기신정기,8569.0,11.58,0.39,291.0,4.45,150.0
남광토건,10896.0,5.05,0.91,1969.0,0.0,0.0
한국화장품,1409.0,162.97,4.28,37.0,0.0,0.0
동일고무벨트,15353.0,12.41,0.45,561.0,1.72,120.0
유니온,7741.0,0.0,0.8,0.0,2.02,125.0
미래에셋글로벌리츠,,,,,,
HL D&I,11284.0,8.45,0.22,300.0,0.0,0.0
다이나믹디자인,3499.0,0.0,1.6,0.0,0.0,0.0
CJ우,0.0,0.0,0.0,0.0,6.01,2550.0
에이플러스에셋,6449.0,1.9,0.66,2226.0,4.73,200.0
플레이그램,685.0,53.36,1.09,14.0,0.0,0.0
대현,5480.0,3.7,0.39,574.0,5.18,110.0
보락,808.0,30.78,1.94,51.0,0.45,7.0
지엠비코리아,13567.0,7.92,0.36,621.0,1.63,80.0
인바이오젠,747.0,0.0,0.63,0.0,0.0,0.0
한신공영,63050.0,2.06,0.13,3928.0,3.71,300.0
팜젠사이언스,13118.0,1.3,0.45,4498.0,0.0,0.0
삼호개발,9788.0,14.0,0.38,265.0,5.12,190.0
동방아그로,12112.0,12.45,0.56,546.0,3.68,250.0
새론오토모티브,11978.0,0.0,0.4,0.0,2.94,140.0
코스맥스비티아이,31502.0,0.0,0.3,0.0,0.0,0.0
신영와코루,40302.0,3.83,0.25,2611.0,1.5,150.0
깨끗한나라,6481.0,0.0,0.37,0.0,0.0,0.0
유니드비티플러스,18122.0,93.22,0.46,90.0,0.0,0.0
크라운해태홀딩스,20510.0,10.61,0.29,559.0,1.69,100.0
다스코,7408.0,51.42,0.61,88.0,0.0,0.0
한일철강,7065.0,0.0,0.46,0.0,0.92,30.0
텔코웨어,19820.0,12.95,0.45,688.0,6.73,600.0
유유제약,7144.0,0.0,0.7,0.0,2.1,105.0
국제약품,3666.0,22.98,1.1,176.0,0.0,0.0
세원정공,45187.0,0.0,0.19,0.0,0.29,25.0
호전실업,14510.0,2.96,0.6,2932.0,3.46,300.0
화승알앤에이,4879.0,6.66,0.91,668.0,1.12,50.0
마니커,777.0,83.13,1.71,16.0,0.0,0.0
휴니드,11026.0,8.46,0.54,707.0,0.0,0.0
명문제약,2648.0,10.67,0.94,233.0,0.0,0.0
KH 필룩스,2771.0,0.0,0.16,0.0,0.0,0.0
대호에이엘,1456.0,12.24,0.96,114.0,0.0,0.0
삼성공조,32070.0,2.03,0.32,5102.0,0.77,80.0
마스턴프리미어리츠,,,,,,
금비,106871.0,0.0,0.78,0.0,1.56,1300.0
엔케이,1457.0,7.68,0.72,136.0,0.0,0.0
이건산업,18762.0,15.09,0.4,501.0,1.32,100.0
진양산업,3941.0,13.47,1.61,472.0,3.14,200.0
한솔홈데코,1903.0,0.0,0.54,0.0,0.0,0.0
화천기계,6506.0,20.83,0.58,180.0,0.8,30.0
국보,4100.0,0.0,1.64,0.0,0.0,0.0
KC그린홀딩스,7463.0,0.0,0.49,0.0,1.37,50.0
평화산업,755.0,13.32,1.96,111.0,0.0,0.0
사조씨푸드,13889.0,9.76,0.34,482.0,0.85,40.0
조광페인트,16695.0,0.0,0.38,0.0,1.58,100.0
우진플라임,5139.0,3.7,0.79,1092.0,1.24,50.0
오리엔트바이오,702.0,2.35,0.97,288.0,0.0,0.0
남성,3821.0,21.76,0.58,102.0,1.13,25.0
보해양조,593.0,0.0,0.97,0.0,0.0,0.0
하이스틸,7380.0,6.91,0.54,574.0,0.5,20.0
태평양물산,4369.0,3.0,0.38,548.0,1.82,30.0
제일연마,12792.0,26.94,0.63,297.0,3.38,270.0
써니전자,2101.0,15.9,1.09,144.0,0.0,0.0
대원전선,1273.0,61.5,0.87,18.0,0.0,0.0
두산2우B,0.0,0.0,0.0,0.0,2.25,2000.0
상상인증권,2103.0,20.86,0.35,35.0,0.0,0.0
조비,11842.0,9.09,1.28,1664.0,0.0,0.0
한화솔루션우,0.0,0.0,0.0,0.0,0.0,0.0
유성기업,11419.0,4.06,0.26,741.0,3.99,120.0
사조오양,21856.0,9.15,0.38,905.0,1.45,120.0
NH프라임리츠,,,,,,
화천기공,156939.0,2.07,0.23,17039.0,7.07,2500.0
까뮤이앤씨,1753.0,0.0,0.98,0.0,1.16,20.0
상신브레이크,9851.0,97.43,0.37,37.0,2.77,100.0
서울식품,76.0,103.0,2.71,2.0,0.0,0.0
부산산업,55020.0,29.74,1.32,2451.0,0.34,250.0
대우부품,539.0,0.0,3.0,0.0,0.0,0.0
인터지스,8867.0,2.37,0.29,1092.0,4.64,120.0
인디에프,537.0,0.0,1.9,0.0,0.0,0.0
삼화왕관,65831.0,0.0,0.54,0.0,3.38,1200.0
SH에너지화학,857.0,40.47,0.8,17.0,1.45,10.0
시디즈,37778.0,25.0,1.0,1516.0,1.06,400.0
DSR,12480.0,3.15,0.38,1502.0,1.27,60.0
한창제지,1851.0,60.33,0.68,21.0,1.58,20.0
혜인,10052.0,0.0,0.58,0.0,1.02,60.0
KC코트렐,1562.0,0.0,1.31,0.0,0.0,0.0
세하,1760.0,33.15,0.73,39.0,0.0,0.0
동양피스톤,9239.0,28.54,0.61,198.0,1.06,60.0
영흥,2456.0,0.0,0.3,0.0,0.0,0.0
한세엠케이,1408.0,0.0,1.74,0.0,0.0,0.0
코오롱인더우,0.0,0.0,0.0,0.0,5.06,1350.0
SK우,0.0,0.0,0.0,0.0,3.88,5050.0
대유에이텍,942.0,0.0,0.67,0.0,0.0,0.0
천일고속,18651.0,0.0,2.76,0.0,0.0,0.0
영보화학,8125.0,10.66,0.45,343.0,1.37,50.0
케이비아이동국실업,1765.0,14.22,0.37,46.0,0.0,0.0
한솔로지스틱스,3726.0,2.98,0.71,882.0,2.66,70.0
범양건영,3085.0,0.0,0.94,0.0,0.0,0.0
한국종합기술,14302.0,17.86,0.46,365.0,1.53,100.0
에쓰씨엔지니어링,1320.0,13.03,1.73,175.0,0.0,0.0
에이엔피,741.0,0.0,2.15,0.0,0.0,0.0
쌍방울,528.0,0.0,0.51,0.0,0.0,0.0
문배철강,8612.0,2.57,0.4,1338.0,1.46,50.0
화인베스틸,2628.0,0.0,0.88,0.0,0.0,0.0
CS홀딩스,242997.0,4.66,0.24,12700.0,0.84,500.0
핸즈코퍼레이션,9053.0,0.0,0.34,0.0,0.0,0.0
우성,67491.0,448.98,0.33,49.0,0.0,0.0
메타랩스,3160.0,0.0,0.84,0.0,0.0,0.0
SJM,11352.0,13.48,0.38,316.0,2.35,100.0
삼정펄프,85204.0,0.0,0.31,0.0,3.77,1000.0
솔루스첨단소재1우,0.0,0.0,0.0,0.0,1.29,101.0
티웨이홀딩스,1505.0,0.85,0.39,697.0,0.0,0.0
부국철강,6300.0,9.27,0.52,355.0,2.28,75.0
일진디스플,562.0,0.0,2.27,0.0,0.0,0.0
성보화학,6994.0,15.96,0.47,204.0,4.15,135.0
한익스프레스,8649.0,9.33,0.63,581.0,2.4,130.0
유한양행우,0.0,0.0,0.0,0.0,0.75,410.0
DSR제강,12715.0,2.22,0.35,2009.0,1.35,60.0
신세계건설,70930.0,0.0,0.22,0.0,3.13,500.0
아모레G우,0.0,0.0,0.0,0.0,2.12,210.0
서원,2870.0,223.17,0.47,6.0,0.0,0.0
아센디오,384.0,0.0,1.91,0.0,0.0,0.0
SJM홀딩스,11073.0,33.23,0.38,127.0,3.55,150.0
대림B&Co,9514.0,0.0,0.4,0.0,2.91,110.0
미래에셋맵스리츠,,,,,,
현대건설우,0.0,0.0,0.0,0.0,1.09,650.0
SK케미칼우,0.0,0.0,0.0,0.0,5.24,1550.0
모나미,5502.0,19.94,0.6,166.0,2.11,70.0
덕성,5862.0,25.32,0.68,157.0,1.13,45.0
티에이치엔,4827.0,0.0,0.71,0.0,1.45,50.0
SG글로벌,2695.0,0.0,0.51,0.0,0.0,0.0
청호ICT,1111.0,0.0,2.24,0.0,0.0,0.0
비상교육,16097.0,0.0,0.29,0.0,2.12,100.0
계양전기,3924.0,0.0,0.57,0.0,1.11,25.0
삼일씨엔에스,21073.0,0.0,0.23,0.0,0.0,0.0
대한방직,37439.0,0.0,0.31,0.0,0.0,0.0
GS우,0.0,0.0,0.0,0.0,7.56,2550.0
태양금속,3058.0,0.0,0.52,0.0,0.31,5.0
갤럭시아에스엠,1210.0,12.75,1.76,167.0,0.0,0.0
IHQ,303.0,0.0,0.79,0.0,0.0,0.0
국동,1997.0,40.36,0.51,25.0,0.0,0.0
신풍제약우,0.0,0.0,0.0,0.0,0.0,0.0
한국전자홀딩스,3242.0,3.33,0.38,369.0,4.07,50.0
부국증권우,0.0,0.0,0.0,0.0,8.19,1550.0
세원이앤씨,775.0,0.0,0.33,0.0,0.0,0.0
대동전자,20487.0,5.11,0.25,1015.0,4.82,250.0
진양폴리,3071.0,15.59,1.77,349.0,3.68,200.0
미래에셋증권우,0.0,0.0,0.0,0.0,5.7,220.0
대림통상,5308.0,14.09,0.67,252.0,0.85,30.0
선도전기,3277.0,0.0,0.92,0.0,0.0,0.0
진양화학,2199.0,0.0,1.55,0.0,0.0,0.0
MH에탄올,10227.0,9.33,0.7,766.0,3.5,250.0
이화산업,54787.0,1027.22,0.34,18.0,0.0,0.0
원림,55263.0,6.37,0.4,3500.0,1.57,350.0
영화금속,1191.0,104.78,0.79,9.0,0.0,0.0
평화홀딩스,7178.0,0.0,0.48,0.0,4.4,150.0
롯데칠성우,0.0,0.0,0.0,0.0,5.19,3305.0
KR모터스,345.0,0.0,1.47,0.0,0.0,0.0
케이탑리츠,,,,,,
유엔젤,4499.0,19.54,0.8,185.0,0.0,0.0
더메디팜,1172.0,0.0,0.43,0.0,0.0,0.0
DL이앤씨2우(전환),0.0,0.0,0.0,0.0,4.51,1000.0
남양유업우,0.0,0.0,0.0,0.0,0.46,1050.0
전방,184874.0,0.46,0.15,59197.0,3.66,1000.0
비비안,3232.0,0.0,0.47,0.0,0.0,0.0
우진아이엔에스,13930.0,0.0,0.41,0.0,0.0,0.0
바다로19호,,,,,,
동양고속,28704.0,0.0,0.53,0.0,0.0,0.0
WISCOM,7345.0,0.0,0.39,0.0,1.75,50.0
한국ANKOR유전,,,,,,
유화증권우,0.0,0.0,0.0,0.0,4.86,120.0
미래아이앤지,2635.0,0.0,0.58,0.0,0.0,0.0
형지엘리트,2200.0,5.21,0.62,262.0,0.0,0.0
동일제강,7970.0,12.37,0.26,169.0,0.48,10.0
동원수산,13454.0,6.74,0.67,1328.0,2.79,250.0
DL이앤씨우,0.0,0.0,0.0,0.0,5.4,1050.0
성문전자,1756.0,16.29,1.04,112.0,0.27,5.0
페이퍼코리아,1297.0,0.0,0.66,0.0,0.0,0.0
참엔지니어링,1317.0,0.0,0.51,0.0,0.0,0.0
에넥스,748.0,0.0,0.88,0.0,0.0,0.0
경인전자,49149.0,12.02,0.51,2080.0,1.4,350.0
주연테크,730.0,0.0,0.91,0.0,0.0,0.0
세기상사,5022.0,0.0,1.39,0.0,0.0,0.0
TBH글로벌,2886.0,7.82,0.64,236.0,0.0,0.0
세우글로벌,1597.0,25.3,0.84,53.0,0.0,0.0
부산주공,316.0,0.0,1.54,0.0,0.0,0.0
윌비스,1522.0,0.0,0.37,0.0,0.0,0.0
SK디스커버리우,0.0,0.0,0.0,0.0,6.35,1750.0
호텔신라우,0.0,0.0,0.0,0.0,0.51,250.0
DL우,0.0,0.0,0.0,0.0,4.81,1050.0
태원물산,4033.0,0.0,1.2,0.0,1.03,50.0
이스타코,1165.0,0.0,0.69,0.0,0.0,0.0
신풍,2895.0,0.0,0.34,0.0,5.06,50.0
유안타증권우,0.0,0.0,0.0,0.0,6.0,160.0
금호전기,890.0,0.0,1.13,0.0,0.0,0.0
한국주강,2671.0,19.58,1.13,154.0,0.0,0.0
SUN&L,12936.0,0.0,0.21,0.0,0.0,0.0
대교우B,0.0,0.0,0.0,0.0,2.63,45.0
한성기업,9257.0,21.44,0.58,250.0,0.0,0.0
한창,275.0,0.0,1.51,0.0,0.0,0.0
한솔PNS,2311.0,17.27,0.69,92.0,1.57,25.0
대한항공우,0.0,0.0,0.0,0.0,2.82,800.0
진도,8369.0,6.87,0.3,367.0,2.78,70.0
체시스,895.0,0.0,1.09,0.0,0.0,0.0
SHD,42355.0,2.88,0.61,8905.0,0.39,100.0
BYC우,0.0,0.0,0.0,0.0,2.22,3050.0
롯데지주우,0.0,0.0,0.0,0.0,4.25,1550.0
모두투어리츠,,,,,,
카프로,665.0,0.0,1.04,0.0,0.0,0.0
제이준코스메틱,10836.0,0.0,0.57,0.0,0.0,0.0
두산퓨얼셀2우B,0.0,0.0,0.0,0.0,0.0,0.0
세방우,0.0,0.0,0.0,0.0,4.22,305.0
대덕전자1우,0.0,0.0,0.0,0.0,3.3,405.0
녹십자홀딩스2우,0.0,0.0,0.0,0.0,1.07,300.0
하이트론,1353.0,0.0,1.83,0.0,0.0,0.0
한화투자증권우,0.0,0.0,0.0,0.0,0.0,0.0
코아스,562.0,0.0,1.27,0.0,0.0,0.0
LX하우시스우,0.0,0.0,0.0,0.0,1.21,250.0
코리아써우,0.0,0.0,0.0,0.0,0.0,0.0
코오롱모빌리티그룹우,0.0,0.0,0.0,0.0,0.0,0.0
넥센타이어1우B,0.0,0.0,0.0,0.0,3.54,105.0
비케이탑스,277.0,0.0,3.26,0.0,0.0,0.0
솔루스첨단소재2우B,0.0,0.0,0.0,0.0,1.0,100.0
대상우,0.0,0.0,0.0,0.0,5.9,810.0
하이트진로2우B,0.0,0.0,0.0,0.0,6.19,1000.0
에이리츠,,,,,,
대한제당우,0.0,0.0,0.0,0.0,4.73,125.0
삼양홀딩스우,0.0,0.0,0.0,0.0,6.5,3550.0
NPC우,0.0,0.0,0.0,0.0,3.51,105.0
한화우,0.0,0.0,0.0,0.0,2.44,800.0
일정실업,3682.0,0.0,3.5,0.0,0.0,0.0
코오롱우,0.0,0.0,0.0,0.0,4.34,600.0
한화갤러리아우,0.0,0.0,0.0,0.0,0.0,0.0
LX홀딩스1우,0.0,0.0,0.0,0.0,3.26,320.0
코오롱글로벌우,0.0,0.0,0.0,0.0,2.34,450.0
한진칼우,0.0,0.0,0.0,0.0,0.77,195.0
JW중외제약2우B,0.0,0.0,0.0,0.0,0.59,375.0
대덕1우,0.0,0.0,0.0,0.0,4.17,405.0
유유제약1우,0.0,0.0,0.0,0.0,2.15,110.0
JW중외제약우,0.0,0.0,0.0,0.0,1.16,400.0
티와이홀딩스우,0.0,0.0,0.0,0.0,2.04,175.0
넥센우,0.0,0.0,0.0,0.0,3.89,115.0
태양금속우,0.0,0.0,0.0,0.0,0.34,10.0
SK증권우,0.0,0.0,0.0,0.0,0.41,10.0
성신양회우,0.0,0.0,0.0,0.0,1.95,250.0
삼양사우,0.0,0.0,0.0,0.0,5.16,1300.0
크라운제과우,0.0,0.0,0.0,0.0,2.41,252.0
대상홀딩스우,0.0,0.0,0.0,0.0,3.3,280.0
태영건설우,0.0,0.0,0.0,0.0,4.05,230.0
일양약품우,0.0,0.0,0.0,0.0,1.11,175.0
남선알미우,0.0,0.0,0.0,0.0,0.0,0.0
덕성우,0.0,0.0,0.0,0.0,1.02,50.0
금강공업우,0.0,0.0,0.0,0.0,1.19,130.0
대원전선우,0.0,0.0,0.0,0.0,0.0,0.0
한양증권우,0.0,0.0,0.0,0.0,7.24,850.0
동부건설우,0.0,0.0,0.0,0.0,2.05,550.0
동원시스템즈우,0.0,0.0,0.0,0.0,2.86,650.0
크라운해태홀딩스우,0.0,0.0,0.0,0.0,1.06,105.0
코리아써키트2우B,0.0,0.0,0.0,0.0,0.0,0.0
노루페인트우,0.0,0.0,0.0,0.0,2.23,280.0
하이트진로홀딩스우,0.0,0.0,0.0,0.0,4.62,550.0
깨끗한나라우,0.0,0.0,0.0,0.0,0.0,0.0
노루홀딩스우,0.0,0.0,0.0,0.0,2.35,505.0
금호건설우,0.0,0.0,0.0,0.0,3.3,550.0
서울식품우,0.0,0.0,0.0,0.0,0.0,0.0
계양전기우,0.0,0.0,0.0,0.0,0.75,30.0
진흥기업우B,0.0,0.0,0.0,0.0,0.0,0.0
CJ씨푸드1우,0.0,0.0,0.0,0.0,0.0,0.0
성문전자우,0.0,0.0,0.0,0.0,0.14,10.0
흥국화재우,0.0,0.0,0.0,0.0,0.0,0.0
유유제약2우B,0.0,0.0,0.0,0.0,0.99,110.0
동양2우B,0.0,0.0,0.0,0.0,1.31,150.0
동양우,0.0,0.0,0.0,0.0,1.6,90.0
진흥기업2우B,0.0,0.0,0.0,0.0,0.0,0.0
